SWAN []
TIME
1
LONLAT
2
0.000000 0.000000
100.000000 0.000000
AFREQ
40
0.025
0.05
0.075
0.1
0.125
0.15
0.175
0.2
0.225
0.25
0.275
0.3
0.325
0.35
0.375
0.4
0.425
0.45
0.475
0.5
0.525
0.55
0.575
0.6
0.625
0.65
0.675
0.7
0.725
0.75
0.775
0.8
0.825
0.85
0.875
0.9
0.925
0.95
0.975
1
QUANT 
3 
VaDens 
m2/Hz
NaN
NDIR
degrees_north
NaN
DSPRDEGR 
degr
NaN
20160101.000000                         date and time
LOCATION 1 
0.000000 -90.0 10 
0.000000 -90.0 10 
0.000000 -90.0 10 
0.000000 -90.0 10 
0.002937 -90.0 10 
0.082208 -90.0 10 
0.297985 -90.0 10 
0.956563 -90.0 10 
0.405544 -90.0 10 
0.203753 -90.0 10 
0.145134 -90.0 10 
0.104083 -90.0 10 
0.074636 -90.0 10 
0.053951 -90.0 10 
0.039458 -90.0 10 
0.029241 -90.0 10 
0.021961 -90.0 10 
0.016710 -90.0 10 
0.012873 -90.0 10 
0.010034 -90.0 10 
0.007907 -90.0 10 
0.006294 -90.0 10 
0.005057 -90.0 10 
0.004100 -90.0 10 
0.003351 -90.0 10 
0.002759 -90.0 10 
0.002288 -90.0 10 
0.001910 -90.0 10 
0.001605 -90.0 10 
0.001356 -90.0 10 
0.001152 -90.0 10 
0.000983 -90.0 10 
0.000843 -90.0 10 
0.000727 -90.0 10 
0.000629 -90.0 10 
0.000547 -90.0 10 
0.000477 -90.0 10 
0.000417 -90.0 10 
0.000367 -90.0 10 
0.000323 -90.0 10 
LOCATION 2 
0.000000 -90.0 10 
0.000000 -90.0 10 
0.000000 -90.0 10 
0.000000 -90.0 10 
0.002937 -90.0 10 
0.082208 -90.0 10 
0.297985 -90.0 10 
0.956563 -90.0 10 
0.405544 -90.0 10 
0.203753 -90.0 10 
0.145134 -90.0 10 
0.104083 -90.0 10 
0.074636 -90.0 10 
0.053951 -90.0 10 
0.039458 -90.0 10 
0.029241 -90.0 10 
0.021961 -90.0 10 
0.016710 -90.0 10 
0.012873 -90.0 10 
0.010034 -90.0 10 
0.007907 -90.0 10 
0.006294 -90.0 10 
0.005057 -90.0 10 
0.004100 -90.0 10 
0.003351 -90.0 10 
0.002759 -90.0 10 
0.002288 -90.0 10 
0.001910 -90.0 10 
0.001605 -90.0 10 
0.001356 -90.0 10 
0.001152 -90.0 10 
0.000983 -90.0 10 
0.000843 -90.0 10 
0.000727 -90.0 10 
0.000629 -90.0 10 
0.000547 -90.0 10 
0.000477 -90.0 10 
0.000417 -90.0 10 
0.000367 -90.0 10 
0.000323 -90.0 10 
20160102.000000                         date and time
LOCATION 1 
0.000000 -90.0 10 
0.000000 -90.0 10 
0.000000 -90.0 10 
0.000000 -90.0 10 
0.002937 -90.0 10 
0.082208 -90.0 10 
0.297985 -90.0 10 
0.956563 -90.0 10 
0.405544 -90.0 10 
0.203753 -90.0 10 
0.145134 -90.0 10 
0.104083 -90.0 10 
0.074636 -90.0 10 
0.053951 -90.0 10 
0.039458 -90.0 10 
0.029241 -90.0 10 
0.021961 -90.0 10 
0.016710 -90.0 10 
0.012873 -90.0 10 
0.010034 -90.0 10 
0.007907 -90.0 10 
0.006294 -90.0 10 
0.005057 -90.0 10 
0.004100 -90.0 10 
0.003351 -90.0 10 
0.002759 -90.0 10 
0.002288 -90.0 10 
0.001910 -90.0 10 
0.001605 -90.0 10 
0.001356 -90.0 10 
0.001152 -90.0 10 
0.000983 -90.0 10 
0.000843 -90.0 10 
0.000727 -90.0 10 
0.000629 -90.0 10 
0.000547 -90.0 10 
0.000477 -90.0 10 
0.000417 -90.0 10 
0.000367 -90.0 10 
0.000323 -90.0 10 
LOCATION 2 
0.000000 -90.0 10 
0.000000 -90.0 10 
0.000000 -90.0 10 
0.000000 -90.0 10 
0.002937 -90.0 10 
0.082208 -90.0 10 
0.297985 -90.0 10 
0.956563 -90.0 10 
0.405544 -90.0 10 
0.203753 -90.0 10 
0.145134 -90.0 10 
0.104083 -90.0 10 
0.074636 -90.0 10 
0.053951 -90.0 10 
0.039458 -90.0 10 
0.029241 -90.0 10 
0.021961 -90.0 10 
0.016710 -90.0 10 
0.012873 -90.0 10 
0.010034 -90.0 10 
0.007907 -90.0 10 
0.006294 -90.0 10 
0.005057 -90.0 10 
0.004100 -90.0 10 
0.003351 -90.0 10 
0.002759 -90.0 10 
0.002288 -90.0 10 
0.001910 -90.0 10 
0.001605 -90.0 10 
0.001356 -90.0 10 
0.001152 -90.0 10 
0.000983 -90.0 10 
0.000843 -90.0 10 
0.000727 -90.0 10 
0.000629 -90.0 10 
0.000547 -90.0 10 
0.000477 -90.0 10 
0.000417 -90.0 10 
0.000367 -90.0 10 
0.000323 -90.0 10 
20160103.000000                         date and time
LOCATION 1 
0.000000 -90.0 10 
0.000000 -90.0 10 
0.000000 -90.0 10 
0.000000 -90.0 10 
0.002937 -90.0 10 
0.082208 -90.0 10 
0.297985 -90.0 10 
0.956563 -90.0 10 
0.405544 -90.0 10 
0.203753 -90.0 10 
0.145134 -90.0 10 
0.104083 -90.0 10 
0.074636 -90.0 10 
0.053951 -90.0 10 
0.039458 -90.0 10 
0.029241 -90.0 10 
0.021961 -90.0 10 
0.016710 -90.0 10 
0.012873 -90.0 10 
0.010034 -90.0 10 
0.007907 -90.0 10 
0.006294 -90.0 10 
0.005057 -90.0 10 
0.004100 -90.0 10 
0.003351 -90.0 10 
0.002759 -90.0 10 
0.002288 -90.0 10 
0.001910 -90.0 10 
0.001605 -90.0 10 
0.001356 -90.0 10 
0.001152 -90.0 10 
0.000983 -90.0 10 
0.000843 -90.0 10 
0.000727 -90.0 10 
0.000629 -90.0 10 
0.000547 -90.0 10 
0.000477 -90.0 10 
0.000417 -90.0 10 
0.000367 -90.0 10 
0.000323 -90.0 10 
LOCATION 2 
0.000000 -90.0 10 
0.000000 -90.0 10 
0.000000 -90.0 10 
0.000000 -90.0 10 
0.002937 -90.0 10 
0.082208 -90.0 10 
0.297985 -90.0 10 
0.956563 -90.0 10 
0.405544 -90.0 10 
0.203753 -90.0 10 
0.145134 -90.0 10 
0.104083 -90.0 10 
0.074636 -90.0 10 
0.053951 -90.0 10 
0.039458 -90.0 10 
0.029241 -90.0 10 
0.021961 -90.0 10 
0.016710 -90.0 10 
0.012873 -90.0 10 
0.010034 -90.0 10 
0.007907 -90.0 10 
0.006294 -90.0 10 
0.005057 -90.0 10 
0.004100 -90.0 10 
0.003351 -90.0 10 
0.002759 -90.0 10 
0.002288 -90.0 10 
0.001910 -90.0 10 
0.001605 -90.0 10 
0.001356 -90.0 10 
0.001152 -90.0 10 
0.000983 -90.0 10 
0.000843 -90.0 10 
0.000727 -90.0 10 
0.000629 -90.0 10 
0.000547 -90.0 10 
0.000477 -90.0 10 
0.000417 -90.0 10 
0.000367 -90.0 10 
0.000323 -90.0 10 
